-17592186044416	0
-15936014065198	0
-17566298708703	0
-11929065837670	999
-15953385714157	0
-8368755481663	999
-8342028361066	999
-16862713832387	0
-17274668464747	0
-17589729949407	0
-15785773998104	0
-16152396467443	0
-7567935071845	1
-8388299494516	1
-7400619422129	1
-11639159363815	999
-16875190966179	0
-17302994220618	0
-15785782296536	0
-6590274356685	1
-8387859464500	1
-7223151526219	1
-7220462671198	1
-13961721001393	0
-13315609003225	0
-15249320875407	4
-12680329334793	8
-7145978357777	1
-13779130951933	0
-10279347601425	2
-13673331005044	0
-13029446757856	0
-8326577679373	1
-8913014426462	1
-13211618034871	0
-13129862534590	0
-17195045576644	0
-14480338425512	0
-13438350568728	0
-10887077980886	999
-16560648719531	0
-13438497821976	0
-16143139728907	0
-14217940665790	0
-13029333067552	0
-9695366144411	999
-17044611705994	0
-17057336536668	0
-16502998425608	0
-16407970374882	0
-7260005830917	1
-15436347675057	4
-8924512029187	1
-13076951513655	8
-8928271524407	1
-15155461831674	4
-17473407803812	0
-17486132634486	0
-14992205925606	0
-16408130110692	0
-15482089008240	4
-8403609430739	1
-8995902958924	1
-15574678049694	4
-15204663745071	4
-12625340005944	8
-15607715023161	0
-17564611143546	0
-13607818164949	6
-13135107230653	0
-8387963285854	1
-16666063028250	0
-17364105571069	0
-12551277023223	8
-15726285742443	0
-17577609318395	0
-15746044053478	0
-17539412137329	0
-13991998919162	12
-10883973742649	999
-13151068315050	8
-15112387615125	4
-6497108229082	1
-17295267395081	0
-17080465500262	0
-16428871270961	0
-17576307541106	0
-17390284991229	0
-17592154901997	0
-16432935658051	0
-17413569943082	0
-16111978908974	0
-17569227613791	0
-16132279463021	0
-16862564282389	0
-16576844400579	0
-17582972837843	0
-17527444709842	0
-7247041217588	1
-8501171354611	1
-8574216924648	1
-13315642162897	0
-13316792041147	0
-17013437246608	0
-16202150404425	0
-17570353117562	0
-15467645080052	0
-16154959172635	0
-17463749351857	0
-17525288517457	0
-17409019581506	0
-6575667643551	1
-17040805705577	0
-17560211778496	0
-17555525600908	0
-16631976016240	0
-17372881467339	0
-16995092937104	0
-17369178595883	0
-17284903461991	0
-17295655632233	0
-8398838226103	1
-16258907882714	0
-16553926907313	0
-13721410009244	12
-17555196464392	0
-17297051161824	0
-16953090304853	0
-17555781595976	0
-16645555018069	0
-16770979369448	0
-16437431338171	0
-17570711990938	0
-16280425848799	0
-16325149286015	0
-17479313589356	0
-17408208939124	0
-17553726613609	0
-17416622420340	0
-17177218148332	0
-17372187178941	0
-16987401581024	0
-16902612027880	0
-16316228272707	0
-17591945204242	0
-13764333691409	12
-17519894014371	0
-16760549748175	0
-17544711350513	0
-12606212533398	8
-10890937526664	999
-8415191616274	999
-10595084814413	999
-16980405633998	0
-16728462771289	0
-17520039501615	0
-14925618469405	0
-15783415993429	0
-17521203399567	0
-14966055342106	0
-13019619888213	8
-12606271724673	8
-17432304014901	0
-16920142484900	0
-15931023995549	0
-12860204424987	8
-7625129338857	1
-8572096918135	1
-12786087623592	8
-8798368162325	1
-8954232146165	1
-13695469886901	0
-15745754457746	0
-12887449178939	0
-13069829767066	8
-12835469426367	0
-7164539693226	1
-15113321941518	4
-15119068053475	4
-8398764621933	1
-8793827113389	1
-6564974121791	1
-17476214291737	0
-15444191792201	0
-15367749821638	0
-17478093677945	0
-15027379020439	0
-16005900428075	0
-15684880312260	0
-15993286330192	0
-17576568704379	0
-15668916918404	0
-17583654492799	0
-17501254665245	0
-17480311820124	0
-16297197137755	0
-16857710218898	0
-17021250204521	0
-17485302973964	0
-17564563998296	0
-17514797698356	0
-16123893818543	0
-16428892079842	0
-17259678624621	0
-17191649814094	0
-17169227621619	0
-15618240081869	0
-17591339320762	0
-16418872954077	0
-17396885283970	0
-16439327796221	0
-17421153879042	0
-16101532099935	0
-16146255537151	0
-16757695974792	0
-15678199753321	0
-17557537568726	0
-15640995243593	0
-17550018641238	0
-16172736075386	0
-17438761371751	0
-17519675783505	0
-17034861519231	0
-17283548594645	0
-17520839681457	0
-16744083618772	0
-7218025609072	1
-8728514391107	1
-13679427055459	0
-13031510302755	0
-7235213833935	1
-13218689871697	0
-17247681778775	0
-17212310385975	0
-17186463786814	0
-17140871070987	0
-17480718265425	0
-17300974945645	0
-17543451629991	0
-17218758582660	0
-16287943752750	0
-17572156518879	0
-16311173211885	0
-17474322435516	0
-17490294127804	0
-16040037373763	0
-17479385755963	0
-16854350103748	0
-17186895955754	0
-17143234116873	0
-15611136624803	0
-17575318197584	0
-14442440607422	0
-17560440898527	0
-16406760121140	0
-16316763641537	0
-17521057912323	0
-15603606941609	0
-17574462236300	0
-15986133603437	0
-17352629542777	0
-16283221063625	0
-17269937704759	0
-16982871179339	0
-17549197438297	0
-17406010774968	0
-17193291499377	0
-17581384891221	0
-17323072660703	0
-17411705737024	0
-17519748527127	0
-16932468298187	0
-17380178575661	0
-17580376294786	0
-16579200092459	0
-7392726224855	1
-7430423819841	1
-17555708454528	0
-16188131156988	0
-17584373309499	0
-16272040204321	0
-12492134643926	0
-16392234441839	0
-15643320525451	0
-17550488574206	0
-17293518595938	0
-15967446877897	0
-17591416898710	0
-17557995293032	0
-16551366337679	0
-17468171552830	0
-16707766735921	0
-15854471981144	0
-17515938177025	0
-15650296371025	0
-17551898373110	0
-7744736625505	1
-13779594463618	0
-8403009755399	1
-17555306176564	0
-17077726449246	0
-14671012338515	0
-16438049368587	0
-17419637091850	0
-16250262485571	0
-15968096122034	0
-15601711146305	0
-17591096967370	0
-17043348272264	0
-17205556895604	0
-17590616993595	0
-16683059113391	0
-16663960931362	0
-15222491928171	0
-17591137359602	0
-7624603532918	1
-16409133266157	0
-9006240556946	1
-16408149989772	0
-16320514813213	0
-15920773029040	0
-12880073306682	0
-13310827153619	0
-8907304153911	1
-10332867186713	2
-15498843443857	0
-13030388321479	0
-16408100973987	0
-12810811116004	0
-15993448797991	0
-8388393835246	1
-8390577175951	1
-17199189285577	0
-16213380557497	0
-12524963066153	0
-13030108898608	0
-13397827525455	0
-16003043890018	0
-13779435112972	0
-16409013191223	0
-16996901419461	0
-17458516880200	0
-17457573502157	0
-17425166640929	0
-12240326093576	0
-17160478569770	0
-17342907871224	0
-15938567592881	0
-16010278022140	0
-17583332695483	0
-16317206549181	0
-17446349417133	0
-17465342826848	0
-17564954798063	0
-16191420824426	0
-17453619200623	0
-16344696813597	0
-17428066615964	0
-16216135907801	0
-16411800945621	0
-16367077508405	0
-15866471720600	0
-17520709726525	0
-15834472415384	0
-17507985594525	0
-16202159833671	0
-17021159669582	0
-16777155610137	0
-17447428438593	0
-17559039651240	0
-17486513923193	0
-15615485259275	0
-17591298928530	0
-7151180277474	1
-16409141950833	0
-7006216906233	1
-16020842312019	0
-15939409640027	0
-17118005482073	0
-17519384809017	0
-17328729934255	0
-17009629014677	0
-17577886081436	0
-16912856414866	0
-17055550882985	0
-16386644012187	0
-17578155062615	0
-17531256225644	0
-17513552402275	0
-17352134951674	0
-17287874062814	0
-17520970949014	0
-17308407781797	0
-12421524286932	0
-13083171053733	0
-15961771358635	0
-16230111981931	0
-16868172578421	0
-17312700383763	0
-17150255198978	0
-14374616924805	0
-15419510675260	0
-14758358930945	0
-13029464456173	0
-17291784105579	0
-17053201426678	0
-15835986691465	0
-15664248062173	0
-17554717970918	0
-17158452918377	0
-16002306459959	0
-17489295897036	0
-13019679079488	8
-16453729168011	0
-17294317407035	0
-17073029843830	0
-17311386719575	0
-17570746932676	0
-17376045268888	0
-17290653742558	0
-15668273801905	0
-16635449000175	0
-16622124170146	0
-15610151364611	0
-17564970016922	0
-16733193733956	0
-17580168644860	0
-17575603518012	0
-17519966757993	0
-16725585679685	0
-17579478781599	0
-17590179981145	0
-17591581674154	0
-17290200792169	0
-17201173298553	0
-17449035690541	0
-16067729101282	0
-17173607231021	0
-17580175025870	0
-14806894082426	0
-15741663459665	0
-17580364455438	0
-14802735978451	0
-15599090637494	0
-17476684138289	0
-16901891721516	0
-17492221017884	0
-17001336521704	0
-16444241916437	0
-15647971089167	0
-17551428440142	0
-17053869322232	0
-17243260354675	0
-15623359622306	0
-17589982659229	0
-7218072177363	1
-7549387700087	1
-7682976044890	1
-7258751980833	1
-17236869684794	0
-17413997521781	0
-16199364618845	0
-16227316767105	0
-17290517454851	0
-17124922415514	0
-17519715761564	0
-15763311105989	0
-16481681316271	0
-17050946808352	0
-17232206794425	0
-16968719792687	0
-15657272216599	0
-17553308172014	0
-6710375515112	1
-8579413502648	1
-7149126490103	1
-13952416346872	0
-16370980794858	0
-16112835492290	0
-16425265092247	0
-17404469219930	0
-16872071682731	0
-17294932644762	0
-16719347635405	0
-17587495151547	0
-17370104313747	0
-17003035084383	0
-17557862033969	0
-15673704269938	0
-17512782363137	0
-17575889919744	0
-17590472200944	0
-17294634069717	0
-17075508395974	0
-16338442115940	0
-15546583309448	0
-15832472458808	0
-17507190336275	0
-15864471764024	0
-17519914468275	0
-16364282293579	0
-15250378300503	4
-9394003520611	1
-13104534341002	0
-6884051615182	1
-8397743281147	1
-10275398237711	2
-13697635831278	0
-16020276917874	0
-17548725278175	0
-15729430708821	0
-15553635112345	0
-15743498319868	0
-17581771774459	0
-7565416487581	1
-7338186423510	1
-17477506369755	0
-15585773764497	0
-17583071452110	0
-16126689033369	0
-12109610540488	0
-16438385697945	0
-7240191951241	1
-16410159110613	0
-16413759243541	0
-17391346572007	0
-17592177914619	0
-14919635264447	0
-17400571872284	0
-17132969180136	0
-16670396755733	0
-17429290237497	0
-17155779855255	0
-17334948574549	0
-15580555799821	0
-17582698987134	0
-16415037671175	0
-17392334922394	0
-16505260733341	0
-7024268669172	1
-15423140139892	0
-16408563855923	0
-16735881420494	0
-16477867831711	0
-17591985596474	0
-17520912425079	0
-13698801363275	12
-15829221577074	0
-7865160196624	1
-7146523525446	1
-12829164412453	0
-7198956299210	1
-7319673646289	1
-7203265373194	1
-7757240921215	1
-7233999672651	1
-8332557750975	1
-13431422807207	0
-16973426704907	0
-16973105362357	0
-17589056072571	0
-15900865341315	0
-16154593077267	0
-15616156413599	0
-17575888838440	0
-7733368155559	1
-7291126032373	1
-16968428357096	0
-16387703206613	0
-17269867593729	0
-17386348554453	0
-17225574658275	0
-17419244637197	0
-17395154566710	0
-17095336813126	0
-17372418608407	0
-16989965366384	0
-17385126685712	0
-17576291712039	0
-17374553299646	0
-17214753767858	0
-17232148614741	0
-17576833895616	0
-17546723258204	0
-16476090886619	0
-17589091737943	0
-17543804916462	0
-17533244579109	0
-15746539817033	0
-16093146455457	0
